theta  = acos(1 - 55/620)

dl = sqrt(25+3*0.25+1)
T = 2*pi*sqrt(620e-3/9.819)